0	-66.736969	0.000454	475.000000
1	-65.266533	0.000354	750.000000
2	-69.526649	0.000378	750.000000
3	-68.365845	0.000300	650.000000
4	-71.976524	0.000280	700.000000
5	-66.626076	0.000282	850.000000
6	-68.805542	0.000313	475.000000
7	-68.914688	0.000308	475.000000
8	-71.679153	0.000198	700.000000
9	-70.043571	0.000246	325.000000
10	-72.351929	0.000206	650.000000
11	-75.302925	0.000148	725.000000
12	-72.525803	0.000194	500.000000
13	-72.096764	0.000205	425.000000
14	-70.503075	0.000263	150.000000
15	-67.001404	0.000297	550.000000
16	-72.393326	0.000230	775.000000
17	-73.239922	0.000223	550.000000
18	-69.953003	0.000190	800.000000
19	-75.174271	0.000131	750.000000
20	-71.337959	0.000271	225.000000
21	-68.243530	0.000320	50.000000
22	-69.592567	0.000216	125.000000
23	-77.336449	0.000126	450.000000
24	-76.534607	0.000166	475.000000
25	-68.414200	0.000243	150.000000
26	-75.317436	0.000221	125.000000
27	-71.017006	0.000160	275.000000
28	-77.868042	0.000096	425.000000
29	-73.457062	0.000121	475.000000
30	-71.430084	0.000223	225.000000
31	-72.735291	0.000209	175.000000
32	-69.298721	0.000201	175.000000
33	-76.873604	0.000255	75.000000
34	-66.128639	0.000291	125.000000
35	-74.095802	0.000248	125.000000
36	-65.257339	0.000354	75.000000
37	-70.256256	0.000424	175.000000
38	-65.380600	0.000234	400.000000
39	-72.252342	0.000180	375.000000
40	-72.931450	0.000185	250.000000
41	-73.587814	0.000284	175.000000
42	-66.232262	0.000316	200.000000
43	-69.158989	0.000303	125.000000
44	-67.751778	0.000385	100.000000
45	-66.030823	0.000412	200.000000
46	-65.798378	0.000421	175.000000
47	-69.464691	0.000321	175.000000
48	-70.770813	0.000224	175.000000
49	-71.031723	0.000229	250.000000
50	-70.773956	0.000291	200.000000
51	-69.583298	0.000233	275.000000
52	-75.591469	0.000144	475.000000
53	-73.465019	0.000163	400.000000
54	-77.452774	0.000164	275.000000
55	-72.413139	0.000196	200.000000
56	-70.431511	0.000205	225.000000
57	-72.080833	0.000189	350.000000
58	-75.358826	0.000176	275.000000
59	-72.427513	0.000141	200.000000
60	-73.315216	0.000155	275.000000
61	-67.429497	0.000246	275.000000
62	-77.211647	0.000193	450.000000
63	-79.857117	0.000091	525.000000
64	-72.872841	0.000184	275.000000
65	-69.847481	0.000286	225.000000
66	-69.010307	0.000392	200.000000
67	-62.305878	0.000577	75.000000
68	-62.061913	0.001173	450.000000
69	-38.550713	0.007309	925.000000
70	-37.422539	0.016004	900.000000
71	-22.153727	0.062390	625.000000
72	-16.249487	0.117842	475.000000
73	-16.368271	0.146213	525.000000
74	-13.019212	0.180626	475.000000
75	-11.237806	0.245658	325.000000
76	-7.672040	0.337815	250.000000
77	-6.741254	0.416936	175.000000
78	-5.923025	0.427691	225.000000
79	-5.700787	0.451647	275.000000
80	-5.404427	0.482646	175.000000
81	-5.255496	0.494776	125.000000
82	-5.145311	0.486322	125.000000
83	-5.112198	0.481137	125.000000
84	-5.059477	0.506564	125.000000
85	-5.119701	0.514047	125.000000
86	-5.336926	0.495083	100.000000
87	-5.572899	0.449339	125.000000
88	-5.901969	0.453212	150.000000
89	-6.268651	0.450783	125.000000
90	-6.834116	0.393133	100.000000
91	-7.241024	0.352633	125.000000
92	-7.422009	0.368471	150.000000
93	-7.835951	0.363964	125.000000
94	-8.687148	0.301956	100.000000
95	-9.654720	0.260485	125.000000
96	-10.681288	0.247866	150.000000
97	-12.178513	0.209412	125.000000
98	-14.657449	0.143013	175.000000
99	-17.771099	0.100666	175.000000
100	-20.960632	0.082368	125.000000
101	-23.083956	0.062263	150.000000
102	-24.027031	0.054890	125.000000
103	-24.946470	0.049625	100.000000
104	-28.134228	0.035366	1075.000000
105	-31.029968	0.021611	2575.000000
106	-34.414452	0.017620	3475.000000
107	-33.488934	0.016697	4325.000000
108	-32.065788	0.020131	4125.000000
109	-31.427597	0.022005	3850.000000
110	-32.487286	0.020502	4075.000000
111	-28.731369	0.027247	3775.000000
112	-29.745674	0.028140	3750.000000
113	-31.018312	0.025131	3950.000000
114	-28.342411	0.029862	3600.000000
115	-30.495741	0.025593	3700.000000
116	-28.345114	0.028226	3675.000000
117	-29.843737	0.028917	3425.000000
118	-29.566946	0.023150	3625.000000
119	-32.250908	0.021350	3350.000000
120	-35.465912	0.013516	3175.000000
121	-39.374512	0.008548	2375.000000
122	-38.186157	0.015868	900.000000
123	-23.655622	0.054015	175.000000
124	-19.437778	0.086221	325.000000
125	-15.455621	0.124831	350.000000
126	-13.132464	0.190809	175.000000
127	-10.249805	0.246385	175.000000
128	-9.810622	0.264702	175.000000
129	-9.096412	0.276194	125.000000
130	-8.201136	0.335171	100.000000
131	-7.672820	0.366583	125.000000
132	-7.165692	0.389670	125.000000
133	-7.039817	0.407856	100.000000
134	-7.217849	0.380799	125.000000
135	-7.367857	0.372123	100.000000
136	-7.373572	0.382464	100.000000
137	-7.360947	0.385037	125.000000
138	-7.441346	0.373775	150.000000
139	-7.354154	0.327371	200.000000
140	-7.733352	0.307102	250.000000
141	-8.139249	0.324248	300.000000
142	-8.257473	0.333634	325.000000
143	-8.282166	0.312964	300.000000
144	-8.189945	0.279133	275.000000
145	-7.823425	0.325867	225.000000
146	-7.531443	0.367370	225.000000
147	-7.312952	0.340285	300.000000
148	-7.304229	0.312972	325.000000
149	-7.189234	0.350971	250.000000
150	-7.005240	0.381033	225.000000
151	-7.268848	0.356778	225.000000
152	-7.799058	0.315455	250.000000
153	-8.264982	0.287060	225.000000
154	-8.862696	0.305124	125.000000
155	-9.450951	0.285257	125.000000
156	-10.145361	0.270339	125.000000
157	-10.336863	0.267082	175.000000
158	-10.030494	0.252088	275.000000
159	-9.023913	0.298958	300.000000
160	-8.182018	0.336323	225.000000
161	-7.664161	0.350553	125.000000
162	-8.078924	0.343359	100.000000
163	-9.670656	0.278572	125.000000
164	-13.959870	0.176351	250.000000
165	-22.302444	0.076463	1025.000000
166	-27.809525	0.034605	1850.000000
167	-29.179810	0.027183	2475.000000
168	-31.148388	0.024283	3375.000000
169	-31.439152	0.020095	4250.000000
170	-36.565247	0.010863	4575.000000
171	-44.149261	0.005347	2900.000000
172	-47.226391	0.003373	1075.000000
173	-51.567936	0.002511	625.000000
174	-52.210781	0.002210	400.000000
175	-55.214058	0.001481	375.000000
176	-56.857906	0.001048	325.000000
177	-59.296097	0.000946	375.000000
178	-60.136223	0.001373	950.000000
179	-47.143074	0.003416	1525.000000
180	-40.973637	0.004745	2075.000000
181	-41.541142	0.011622	1425.000000
182	-27.565260	0.033047	200.000000
183	-22.766947	0.069782	225.000000
184	-17.302532	0.101995	300.000000
185	-13.570997	0.156999	225.000000
186	-11.788380	0.217570	150.000000
187	-10.238592	0.260706	125.000000
188	-9.759315	0.293624	100.000000
189	-9.453785	0.281949	125.000000
190	-10.539536	0.255801	125.000000
191	-13.858445	0.184258	150.000000
192	-20.746464	0.081521	625.000000
193	-28.851757	0.033485	1475.000000
194	-32.549709	0.021331	2425.000000
195	-34.766850	0.015198	3025.000000
196	-35.383152	0.013453	3575.000000
197	-36.119469	0.011982	4125.000000
198	-39.564453	0.008844	3725.000000
199	-41.612267	0.006309	2825.000000
200	-46.216331	0.004389	1550.000000
201	-48.315628	0.004071	375.000000
202	-35.261604	0.019062	150.000000
203	-24.706608	0.043771	125.000000
204	-22.042997	0.080821	125.000000
205	-16.358734	0.128410	125.000000
206	-13.359973	0.167046	125.000000
207	-11.942991	0.219685	125.000000
208	-10.220723	0.258356	125.000000
209	-9.820551	0.291819	125.000000
210	-9.200797	0.312096	100.000000
211	-8.944341	0.303135	125.000000
212	-8.742485	0.332674	125.000000
213	-8.439511	0.339434	125.000000
214	-8.344696	0.338301	125.000000
215	-8.273286	0.359780	100.000000
216	-8.132429	0.341543	125.000000
217	-8.022071	0.352027	125.000000
218	-7.960198	0.372194	100.000000
219	-7.969745	0.350463	125.000000
220	-7.868042	0.364023	125.000000
221	-7.855163	0.374034	100.000000
222	-8.000840	0.347820	125.000000
223	-8.142242	0.355263	125.000000
224	-8.438639	0.345464	125.000000
225	-8.816064	0.320001	125.000000
226	-8.979696	0.328714	100.000000
227	-9.224027	0.304785	125.000000
228	-9.974989	0.279869	125.000000
229	-11.068318	0.258997	100.000000
230	-12.924123	0.196911	125.000000
231	-15.702861	0.145502	125.000000
232	-18.877398	0.108289	100.000000
233	-21.742781	0.073587	125.000000
234	-23.701170	0.060003	125.000000
235	-24.313000	0.054995	125.000000
236	-24.299204	0.057350	125.000000
237	-21.997076	0.076736	100.000000
238	-17.851700	0.108619	125.000000
239	-15.034633	0.157903	125.000000
240	-13.088782	0.206007	100.000000
241	-11.310984	0.232957	125.000000
242	-10.236403	0.280580	125.000000
243	-9.456382	0.300187	125.000000
244	-9.263655	0.285275	125.000000
245	-9.535001	0.300865	100.000000
246	-9.946026	0.298638	100.000000
247	-10.205487	0.269834	125.000000
248	-10.758331	0.247369	125.000000
249	-11.407598	0.245784	100.000000
250	-11.498831	0.248454	100.000000
251	-11.380916	0.232168	125.000000
252	-11.294112	0.224497	125.000000
253	-11.387126	0.238437	100.000000
254	-11.357041	0.245914	100.000000
255	-11.438592	0.244897	100.000000
256	-11.534122	0.231099	125.000000
257	-11.702508	0.223611	125.000000
258	-12.025894	0.226393	100.000000
259	-14.191817	0.178185	100.000000
260	-18.552734	0.101009	125.000000
261	-25.150469	0.051259	125.000000
262	-33.217308	0.021885	125.000000
263	-39.155239	0.009025	125.000000
264	-45.045242	0.005696	100.000000
265	-48.448765	0.003538	650.000000
266	-37.579426	0.012537	1150.000000
267	-31.644331	0.014881	1275.000000
268	-40.260307	0.013181	850.000000
269	-27.881901	0.030919	200.000000
270	-21.238443	0.068720	375.000000
271	-16.066109	0.129094	350.000000
272	-13.303693	0.173584	175.000000
273	-12.674226	0.208753	125.000000
274	-11.328057	0.245400	100.000000
275	-10.780560	0.246371	125.000000
276	-10.613332	0.249828	125.000000
277	-10.206609	0.271905	100.000000
278	-10.081233	0.282530	100.000000
279	-10.008942	0.269827	125.000000
280	-9.987520	0.267037	125.000000
281	-10.224495	0.282384	100.000000
282	-10.717598	0.266195	100.000000
283	-11.169400	0.236233	125.000000
284	-11.388569	0.231383	125.000000
285	-11.348626	0.241929	100.000000
286	-11.188053	0.251931	100.000000
287	-10.782545	0.256751	100.000000
288	-10.768813	0.243256	150.000000
289	-10.997448	0.226890	175.000000
290	-11.255654	0.233519	125.000000
291	-11.404915	0.246359	100.000000
292	-11.323668	0.241409	100.000000
293	-11.070145	0.234847	125.000000
294	-10.968521	0.243918	125.000000
295	-10.822464	0.255105	100.000000
296	-10.492835	0.265554	100.000000
297	-10.331285	0.274998	100.000000
298	-10.151650	0.269709	100.000000
299	-9.947889	0.262177	125.000000
300	-10.065884	0.270897	100.000000
301	-10.396238	0.276377	100.000000
302	-10.622132	0.257809	100.000000
303	-11.047483	0.242983	125.000000
304	-10.523787	0.263107	125.000000
305	-9.925676	0.280520	100.000000
306	-10.318739	0.271240	100.000000
307	-11.137796	0.247915	100.000000
308	-12.307939	0.213318	100.000000
309	-14.154111	0.176375	100.000000
310	-16.550045	0.137171	100.000000
311	-20.008987	0.095330	125.000000
312	-20.878088	0.063646	100.000000
313	-24.461199	0.049867	125.000000
314	-29.520426	0.035830	200.000000
315	-34.799171	0.015453	175.000000
316	-39.432034	0.009488	175.000000
317	-37.248734	0.011075	200.000000
318	-37.694302	0.015198	175.000000
319	-26.263866	0.033262	175.000000
320	-23.369869	0.065006	275.000000
321	-17.279699	0.116110	225.000000
322	-14.490318	0.155812	100.000000
323	-13.828620	0.172636	125.000000
324	-12.683802	0.195618	125.000000
325	-12.503415	0.214143	100.000000
326	-12.614172	0.218251	100.000000
327	-12.558104	0.210329	100.000000
328	-12.074334	0.208939	125.000000
329	-11.413711	0.237174	125.000000
330	-11.117904	0.253570	100.000000
331	-12.081079	0.207770	100.000000
332	-14.391278	0.155070	125.000000
333	-17.723234	0.124417	125.000000
334	-19.547709	0.090437	100.000000
335	-20.569120	0.082956	175.000000
336	-18.261749	0.117272	175.000000
337	-14.180604	0.181318	100.000000
338	-11.699174	0.227331	125.000000
339	-10.973672	0.249241	125.000000
340	-11.354151	0.235845	100.000000
341	-14.281487	0.148526	100.000000
342	-20.882160	0.079605	150.000000
343	-24.965624	0.059739	175.000000
344	-28.933710	0.039092	150.000000
345	-29.114813	0.023559	175.000000
346	-36.775265	0.014333	200.000000
347	-37.580269	0.010776	200.000000
348	-38.978275	0.008372	150.000000
349	-49.387112	0.005249	100.000000
350	-44.806526	0.004593	650.000000
351	-39.397049	0.005310	1500.000000
352	-39.179779	0.011704	1050.000000
353	-31.902630	0.017632	225.000000
354	-34.062653	0.018794	325.000000
355	-28.456963	0.030985	400.000000
356	-26.187143	0.045548	225.000000
357	-24.398003	0.049133	175.000000
358	-24.797255	0.053500	200.000000
359	-24.875486	0.041430	275.000000
360	-36.127026	0.018497	425.000000
361	-34.592140	0.013704	325.000000
362	-35.560684	0.015431	325.000000
363	-31.811701	0.016420	825.000000
364	-36.731884	0.013898	800.000000
365	-37.966343	0.010270	275.000000
366	-40.517277	0.007820	175.000000
367	-45.267540	0.004998	175.000000
368	-47.538441	0.003693	225.000000
369	-51.905869	0.002244	225.000000
370	-56.489918	0.001471	175.000000
371	-55.352406	0.001514	175.000000
372	-51.960171	0.001657	150.000000
373	-57.347225	0.001300	175.000000
374	-59.447830	0.001011	675.000000
375	-42.036400	0.003737	1525.000000
376	-46.744442	0.004195	2325.000000
377	-54.151752	0.001719	2025.000000
378	-56.431694	0.001227	1275.000000
379	-60.080631	0.000849	1900.000000
380	-62.234264	0.000687	2275.000000
381	-62.731365	0.000622	2275.000000
382	-62.307770	0.000582	1875.000000
383	-64.512573	0.000585	775.000000
384	-65.146683	0.000411	525.000000
385	-75.650215	0.000191	650.000000
386	-66.726562	0.000330	500.000000
387	-63.187717	0.000665	525.000000
388	-59.692646	0.000675	900.000000
389	-64.161308	0.000639	950.000000
390	-60.420681	0.000866	1650.000000
391	-58.290657	0.001091	3350.000000
392	-56.334190	0.001218	3525.000000
393	-50.795792	0.004126	1875.000000
394	-29.255344	0.029990	475.000000
395	-21.896189	0.070196	125.000000
396	-16.867086	0.118055	100.000000
397	-14.379967	0.168749	125.000000
398	-11.601738	0.222014	125.000000
399	-11.008092	0.256643	100.000000
400	-10.172903	0.264062	125.000000
401	-9.186692	0.300316	125.000000
402	-9.019979	0.327870	100.000000
403	-9.081866	0.306755	125.000000
404	-9.388566	0.292980	125.000000
405	-10.833942	0.256896	100.000000
406	-15.156507	0.160351	125.000000
407	-21.074688	0.073724	125.000000
408	-31.056934	0.031165	125.000000
409	-35.421253	0.014254	125.000000
410	-41.743507	0.007737	125.000000
411	-39.505810	0.012412	550.000000
412	-30.755079	0.017146	850.000000
413	-25.729227	0.042946	425.000000
414	-18.809067	0.092710	175.000000
415	-14.926608	0.149057	225.000000
416	-13.087411	0.182908	225.000000
417	-12.851812	0.172409	175.000000
418	-14.459555	0.137840	100.000000
419	-17.936712	0.115386	125.000000
420	-21.728640	0.077138	175.000000
421	-27.822721	0.028424	175.000000
422	-37.366257	0.018176	175.000000
423	-33.091099	0.015000	175.000000
424	-38.625324	0.011635	175.000000
425	-39.559128	0.008344	200.000000
426	-47.324623	0.005229	175.000000
427	-47.422123	0.003413	175.000000
428	-48.584469	0.002343	200.000000
429	-57.319141	0.001633	175.000000
430	-55.853695	0.001184	275.000000
431	-56.164196	0.000993	650.000000
432	-42.026649	0.004434	1375.000000
433	-42.290558	0.004999	1975.000000
434	-35.917130	0.017721	1100.000000
435	-24.573009	0.044040	100.000000
436	-21.104610	0.068813	125.000000
437	-20.486959	0.088756	125.000000
438	-16.612980	0.135812	100.000000
439	-12.370475	0.199738	100.000000
440	-11.742247	0.232071	100.000000
441	-10.951461	0.242304	125.000000
442	-11.078257	0.234328	125.000000
443	-12.511611	0.210140	100.000000
444	-14.494794	0.173939	100.000000
445	-15.977701	0.146813	100.000000
446	-15.400686	0.150511	100.000000
447	-13.511372	0.184360	100.000000
448	-11.565189	0.234462	100.000000
449	-10.066916	0.280845	100.000000
450	-9.269732	0.309349	100.000000
451	-9.018145	0.317940	100.000000
452	-8.882324	0.311888	100.000000
453	-9.003886	0.298289	125.000000
454	-9.368740	0.290301	125.000000
455	-9.653777	0.291531	100.000000
456	-9.841130	0.286343	100.000000
457	-10.316022	0.264792	100.000000
458	-11.141655	0.246304	100.000000
459	-11.518881	0.243256	100.000000
460	-11.024335	0.247176	100.000000
461	-10.641064	0.252551	100.000000
462	-10.608841	0.255576	125.000000
463	-10.875376	0.254939	125.000000
464	-11.012367	0.247757	100.000000
465	-11.437651	0.235454	100.000000
466	-11.810453	0.222183	100.000000
467	-12.372387	0.207197	100.000000
468	-12.675280	0.198885	100.000000
469	-12.668549	0.214604	100.000000
470	-11.397481	0.247018	100.000000
471	-10.573161	0.266309	100.000000
472	-10.372225	0.263969	150.000000
473	-10.839137	0.251814	150.000000
474	-12.821849	0.196383	100.000000
475	-15.867386	0.132864	100.000000
476	-19.139921	0.101424	100.000000
477	-24.410095	0.068282	100.000000
478	-28.613161	0.034074	150.000000
479	-32.336002	0.015922	200.000000
480	-32.559563	0.016304	600.000000
481	-35.025406	0.014719	700.000000
482	-26.164017	0.050060	275.000000
483	-17.570017	0.096216	175.000000
484	-15.973963	0.131646	200.000000
485	-15.420143	0.136075	200.000000
486	-19.903105	0.084007	275.000000
487	-22.560463	0.059266	250.000000
488	-24.599930	0.045738	200.000000
489	-25.415781	0.045477	225.000000
490	-24.369516	0.049515	175.000000
491	-27.494226	0.033723	175.000000
492	-29.439682	0.034472	200.000000
493	-27.628914	0.033014	175.000000
494	-33.454166	0.020654	175.000000
495	-38.495399	0.011740	200.000000
496	-38.667938	0.009391	175.000000
497	-43.977039	0.006335	175.000000
498	-47.059063	0.003666	175.000000
499	-53.005642	0.002217	175.000000
500	-56.517883	0.001376	200.000000
501	-54.756805	0.001560	175.000000
502	-39.186855	0.006454	775.000000
503	-38.656033	0.008526	1100.000000
504	-46.415466	0.004451	725.000000
505	-48.531231	0.002597	575.000000
506	-54.144619	0.002067	425.000000
507	-56.341030	0.001268	225.000000
508	-60.195263	0.000805	175.000000
509	-66.158043	0.000495	275.000000
510	-69.920830	0.000365	350.000000
511	-60.943012	0.000647	200.000000
512	-62.794441	0.000678	150.000000
513	-66.040245	0.000475	675.000000
514	-58.679428	0.001082	1200.000000
515	-54.353607	0.001398	1375.000000
516	-58.180614	0.001057	1500.000000
517	-55.122673	0.001757	1550.000000
518	-48.661594	0.002248	1500.000000
519	-51.869415	0.002353	1450.000000
520	-50.571846	0.002560	1475.000000
521	-50.355858	0.002332	1525.000000
522	-50.171135	0.002265	1675.000000
523	-50.372505	0.002385	1675.000000
524	-51.082558	0.002149	1850.000000
525	-52.311337	0.001834	1925.000000
526	-54.519238	0.001792	1700.000000
527	-54.210667	0.001529	1700.000000
528	-55.599022	0.001447	1650.000000
529	-54.067997	0.001747	1525.000000
530	-53.036156	0.001569	1550.000000
531	-55.580994	0.001453	1575.000000
532	-54.966476	0.001356	1575.000000
533	-56.507965	0.001077	1525.000000
534	-59.107059	0.000883	1550.000000
535	-61.471424	0.000934	1650.000000
536	-53.608967	0.001360	1475.000000
537	-57.926292	0.001196	1500.000000
538	-57.203201	0.001067	1600.000000
539	-58.315353	0.001023	1475.000000
540	-60.821209	0.000806	1100.000000
541	-62.075310	0.000526	1075.000000
542	-69.017677	0.000325	1025.000000
543	-68.212120	0.000309	750.000000
544	-72.515205	0.000210	900.000000
545	-68.735924	0.000232	625.000000
546	-72.448837	0.000222	425.000000
547	-73.661354	0.000177	500.000000
548	-70.688110	0.000237	375.000000
549	-70.540855	0.000276	175.000000
550	-70.641960	0.000270	75.000000
551	-70.984741	0.000203	200.000000
552	-75.779602	0.000178	275.000000
553	-68.477921	0.000305	150.000000
554	-68.713768	0.000315	25.000000
555	-75.796440	0.000160	275.000000
556	-69.056252	0.000191	300.000000
557	-65.886620	0.000390	75.000000
558	-64.695518	0.000554	50.000000
559	-67.611832	0.000429	125.000000
560	-72.473312	0.000206	175.000000
561	-67.673103	0.000338	75.000000
562	-67.474030	0.000366	75.000000
563	-68.594749	0.000305	75.000000
564	-66.573479	0.000373	75.000000
565	-71.304085	0.000274	700.000000
566	-67.950226	0.000657	1375.000000
567	-38.998730	0.014079	825.000000
568	-23.572220	0.052853	200.000000
569	-20.457758	0.078693	450.000000
570	-16.736425	0.109014	625.000000
571	-15.425377	0.154125	475.000000
572	-11.765797	0.206075	325.000000
573	-11.061706	0.236841	225.000000
574	-9.343373	0.252438	175.000000
575	-7.631551	0.317717	225.000000
576	-6.895995	0.389153	225.000000
577	-6.838226	0.371460	175.000000
578	-7.007457	0.331122	125.000000
579	-7.094260	0.377942	100.000000
580	-7.168532	0.398648	125.000000
581	-7.299922	0.374428	125.000000
582	-7.742350	0.368465	100.000000
583	-9.022261	0.324686	150.000000
584	-10.737100	0.258720	175.000000
585	-11.389021	0.244840	125.000000
586	-10.955440	0.269904	100.000000
587	-9.676666	0.282661	125.000000
588	-9.155167	0.303683	125.000000
589	-8.860449	0.335726	100.000000
590	-8.962660	0.315163	125.000000
591	-9.598449	0.281985	125.000000
592	-10.872611	0.262801	100.000000
593	-12.972814	0.199027	150.000000
594	-17.852394	0.107909	400.000000
595	-26.463730	0.043806	1225.000000
596	-35.607506	0.016048	2700.000000
597	-38.541622	0.008817	3950.000000
598	-41.574436	0.006606	3675.000000
599	-47.241917	0.004089	2050.000000
600	-45.541786	0.004079	675.000000
601	-46.207775	0.004408	400.000000
602	-46.972530	0.003684	1000.000000
603	-49.744228	0.002703	1275.000000
604	-48.908031	0.004050	625.000000
605	-31.220015	0.026579	200.000000
606	-21.645582	0.068492	125.000000
607	-18.579042	0.105970	125.000000
608	-15.112885	0.144570	125.000000
609	-13.719406	0.180967	100.000000
610	-14.920217	0.162415	125.000000
611	-17.515871	0.109080	125.000000
612	-22.397476	0.069391	100.000000
613	-30.136442	0.032897	125.000000
614	-37.078587	0.012022	125.000000
615	-42.780170	0.006472	125.000000
616	-46.867439	0.003580	250.000000
617	-41.554981	0.004667	550.000000
618	-37.822861	0.015833	450.000000
619	-23.863708	0.042299	175.000000
620	-20.533352	0.088377	150.000000
621	-15.542783	0.135883	125.000000
622	-12.184690	0.191825	125.000000
623	-12.641292	0.227444	175.000000
624	-10.710488	0.232300	175.000000
625	-9.918867	0.270645	100.000000
626	-11.249826	0.275667	100.000000
627	-12.299884	0.203500	100.000000
628	-15.852471	0.137990	150.000000
629	-16.633997	0.133894	175.000000
630	-16.288633	0.134861	125.000000
631	-19.448736	0.096866	100.000000
632	-24.396189	0.052940	125.000000
633	-33.616867	0.020856	175.000000
634	-42.033527	0.008369	350.000000
635	-31.980854	0.013139	900.000000
636	-30.554482	0.038436	725.000000
637	-20.174498	0.084695	150.000000
638	-16.194458	0.133223	125.000000
639	-13.001827	0.186151	100.000000
640	-11.822545	0.229993	100.000000
641	-11.096462	0.253885	100.000000
642	-10.996853	0.243861	100.000000
643	-13.481953	0.196487	125.000000
644	-15.107267	0.155336	125.000000
645	-16.807528	0.134832	100.000000
646	-16.215834	0.133453	100.000000
647	-15.699371	0.142056	100.000000
648	-15.185258	0.150432	100.000000
649	-14.981274	0.160634	100.000000
650	-14.206274	0.174918	100.000000
651	-13.302195	0.193849	100.000000
652	-12.626855	0.209288	100.000000
653	-12.212827	0.218276	100.000000
654	-11.669652	0.222914	125.000000
655	-11.414174	0.226333	125.000000
656	-11.579625	0.230062	100.000000
657	-11.857389	0.228166	100.000000
658	-12.381046	0.220553	100.000000
659	-12.649295	0.208216	100.000000
660	-12.786414	0.204682	100.000000
661	-12.529991	0.217154	100.000000
662	-11.847890	0.233690	100.000000
663	-11.234654	0.242006	100.000000
664	-10.764849	0.243985	125.000000
665	-10.374253	0.257199	125.000000
666	-10.096537	0.281193	100.000000
667	-9.957991	0.289512	100.000000
668	-10.019834	0.278976	125.000000
669	-10.171578	0.267431	125.000000
670	-10.540930	0.259005	100.000000
671	-10.830010	0.266392	100.000000
672	-10.586445	0.270751	125.000000
673	-10.548831	0.268724	125.000000
674	-11.547322	0.242869	125.000000
675	-12.182371	0.213260	125.000000
676	-14.047311	0.178524	100.000000
677	-18.618582	0.103140	275.000000
678	-25.098463	0.048042	825.000000
679	-32.477936	0.023544	2075.000000
680	-35.062294	0.014951	3375.000000
681	-35.079926	0.014621	3650.000000
682	-35.099773	0.013574	3750.000000
683	-35.016006	0.013249	3975.000000
684	-35.375336	0.014891	3775.000000
685	-32.918221	0.018267	3925.000000
686	-32.668980	0.018201	4325.000000
687	-34.428825	0.015917	4400.000000
688	-34.273315	0.013323	4425.000000
689	-36.989841	0.011899	4250.000000
690	-32.060490	0.018635	3700.000000
691	-31.193895	0.019422	3325.000000
692	-39.946060	0.009966	2900.000000
693	-42.434528	0.006091	2600.000000
694	-40.722980	0.006781	2625.000000
695	-43.091217	0.006800	2275.000000
696	-42.326969	0.006572	1750.000000
697	-39.845734	0.007847	1475.000000
698	-40.714584	0.007574	1625.000000
699	-43.073860	0.006301	1675.000000
700	-42.519562	0.005339	1500.000000
701	-52.680882	0.002758	1475.000000
702	-50.287815	0.004003	1000.000000
703	-31.299145	0.023832	350.000000
704	-24.342667	0.048924	175.000000
705	-18.812759	0.087257	175.000000
706	-16.064560	0.140537	125.000000
707	-13.735074	0.171787	100.000000
708	-13.902227	0.177494	125.000000
709	-13.491057	0.181405	125.000000
710	-13.679460	0.178619	100.000000
711	-15.028432	0.166906	100.000000
712	-14.185400	0.147456	100.000000
713	-16.469437	0.167837	125.000000
714	-13.506493	0.164279	175.000000
715	-11.828289	0.176660	200.000000
716	-14.170649	0.227711	175.000000
717	-9.725451	0.194043	200.000000
718	-15.087228	0.212516	200.000000
719	-11.050945	0.191869	125.000000
720	-11.920161	0.187016	100.000000
721	-14.940753	0.208189	125.000000
722	-11.491615	0.178011	125.000000
723	-14.799354	0.177222	125.000000
724	-13.125524	0.165501	175.000000
725	-13.024735	0.183699	225.000000
726	-11.646104	0.207882	225.000000
727	-11.831900	0.200609	300.000000
728	-11.539025	0.197402	275.000000
729	-11.467297	0.226543	125.000000
730	-11.800902	0.227777	125.000000
731	-11.573907	0.230568	125.000000
732	-11.772365	0.229068	125.000000
733	-12.313626	0.208092	125.000000
734	-12.537208	0.208386	100.000000
735	-13.468245	0.198036	125.000000
736	-13.233648	0.197696	125.000000
737	-12.283296	0.219794	125.000000
738	-11.726130	0.225664	125.000000
739	-10.762395	0.251620	100.000000
740	-10.308185	0.274522	100.000000
741	-11.281098	0.242338	100.000000
742	-12.267616	0.205362	125.000000
743	-13.325109	0.197822	100.000000
744	-13.747119	0.194945	100.000000
745	-13.509414	0.182996	125.000000
746	-13.284271	0.194805	125.000000
747	-13.371367	0.195811	100.000000
748	-15.014710	0.152217	125.000000
749	-18.468472	0.102577	125.000000
750	-24.975416	0.053958	100.000000
751	-35.924965	0.015703	125.000000
752	-47.514011	0.003942	150.000000
753	-47.618435	0.003639	125.000000
754	-49.218647	0.003034	125.000000
755	-52.634750	0.002574	425.000000
756	-29.293436	0.020010	1175.000000
757	-28.128548	0.024367	1725.000000
758	-41.239681	0.009159	1475.000000
759	-32.917381	0.021438	650.000000
760	-23.813749	0.056721	125.000000
761	-19.478687	0.094743	125.000000
762	-16.591673	0.130509	125.000000
763	-14.613173	0.154038	100.000000
764	-16.933426	0.130647	150.000000
765	-21.914314	0.069935	525.000000
766	-29.524622	0.028688	1200.000000
767	-35.169075	0.017695	2025.000000
768	-32.832169	0.016258	2550.000000
769	-37.290909	0.012733	2775.000000
770	-40.682858	0.006707	2025.000000
771	-48.198257	0.003921	850.000000
772	-50.834164	0.002591	675.000000
773	-50.583214	0.001913	600.000000
774	-56.209782	0.001541	675.000000
775	-54.364845	0.001285	1125.000000
776	-57.061378	0.001183	1125.000000
777	-59.744850	0.000935	1225.000000
778	-57.395214	0.001106	1650.000000
779	-53.231262	0.001633	2025.000000
780	-51.211903	0.002229	1900.000000
781	-36.061440	0.009829	1475.000000
782	-32.591091	0.017353	1150.000000
783	-27.320034	0.029812	525.000000
784	-27.618889	0.051399	150.000000
785	-22.146677	0.056588	325.000000
786	-21.869122	0.041117	500.000000
787	-25.781963	0.042129	300.000000
788	-27.348122	0.048674	175.000000
789	-24.057156	0.038353	175.000000
790	-30.272009	0.029169	200.000000
791	-25.200096	0.043236	250.000000
792	-24.648327	0.061779	275.000000
793	-18.319859	0.059262	475.000000
794	-24.179401	0.060897	550.000000
795	-24.099230	0.058769	425.000000
796	-19.073709	0.060698	350.000000
797	-25.223475	0.065487	275.000000
798	-21.802603	0.054268	175.000000
799	-29.894278	0.033220	175.000000
800	-34.769123	0.017767	175.000000
801	-34.916889	0.013598	175.000000
802	-42.905125	0.008522	175.000000
803	-44.478542	0.004185	175.000000
804	-48.350643	0.002974	200.000000
805	-46.864159	0.007936	300.000000
806	-29.341894	0.014849	400.000000
807	-33.325142	0.029148	250.000000
808	-24.529171	0.033464	200.000000
809	-32.856888	0.033570	225.000000
810	-23.183369	0.037027	200.000000
811	-27.166409	0.039272	175.000000
812	-22.596153	0.055000	175.000000
813	-26.768143	0.049077	175.000000
814	-24.772110	0.042786	175.000000
815	-24.323132	0.060919	175.000000
816	-23.554745	0.054889	175.000000
817	-18.580763	0.062385	175.000000
818	-23.895058	0.090740	175.000000
819	-17.328421	0.077184	200.000000
820	-23.094133	0.068337	175.000000
821	-23.488739	0.069270	175.000000
822	-22.196432	0.052137	200.000000
823	-23.481913	0.052777	175.000000
824	-26.514479	0.053940	175.000000
825	-25.274719	0.037495	200.000000
826	-31.813578	0.025032	175.000000
827	-30.007879	0.028982	150.000000
828	-29.155045	0.031052	150.000000
829	-28.361694	0.031690	125.000000
830	-28.972357	0.035064	125.000000
831	-27.944391	0.030719	125.000000
832	-33.546444	0.021593	125.000000
833	-38.471188	0.010201	125.000000
834	-44.568409	0.005262	100.000000
835	-52.448261	0.002352	125.000000
836	-57.915852	0.000777	125.000000
837	-63.122307	0.000810	125.000000
838	-61.990501	0.000624	225.000000
839	-63.248638	0.000658	225.000000
840	-57.967297	0.000772	125.000000
841	-64.905464	0.000548	100.000000
842	-68.219048	0.000343	125.000000
843	-73.465828	0.000272	225.000000
844	-67.209160	0.000308	175.000000
845	-71.011040	0.000256	175.000000
846	-69.506485	0.000181	200.000000
847	-73.979485	0.000225	125.000000
848	-69.865761	0.000233	175.000000
849	-71.949715	0.000201	275.000000
850	-67.961639	0.000441	175.000000
851	-60.577374	0.000710	25.000000
852	-67.635712	0.000450	25.000000
853	-66.772964	0.000254	150.000000
854	-67.938499	0.000327	250.000000
855	-71.683006	0.000358	200.000000
856	-67.350044	0.000283	300.000000
857	-69.655212	0.000327	225.000000
858	-66.897659	0.000342	225.000000
859	-76.469200	0.000159	475.000000
860	-70.995430	0.000164	425.000000
861	-70.694481	0.000307	900.000000
862	-64.329063	0.000485	2050.000000
863	-59.585804	0.000766	2700.000000
864	-59.187057	0.001016	2625.000000
865	-55.553001	0.001179	3100.000000
866	-55.801235	0.001413	3100.000000
867	-53.223824	0.001736	2475.000000
868	-52.981220	0.001856	2775.000000
869	-52.337353	0.002002	3175.000000
870	-50.363358	0.002377	3050.000000
871	-50.162792	0.002787	3375.000000
872	-48.824520	0.002888	3200.000000
873	-48.450363	0.003201	2550.000000
874	-47.381432	0.003228	2575.000000
875	-49.385292	0.002931	2750.000000
876	-46.952816	0.003064	2750.000000
877	-48.549858	0.003592	2200.000000
878	-46.369144	0.003616	2025.000000
879	-49.295055	0.002881	2600.000000
880	-50.054775	0.002668	2325.000000
881	-49.103691	0.002609	2050.000000
882	-50.017616	0.002654	2150.000000
883	-49.460098	0.002588	2150.000000
884	-52.040199	0.002214	3025.000000
885	-51.367252	0.001927	3425.000000
886	-51.321262	0.002057	3000.000000
887	-52.119953	0.002230	2625.000000
888	-52.059563	0.002019	2750.000000
889	-52.258877	0.001833	2775.000000
890	-54.510838	0.001560	2925.000000
891	-55.316658	0.001392	3000.000000
892	-56.902557	0.001241	2650.000000
893	-56.564137	0.001113	2950.000000
894	-56.834118	0.001126	2700.000000
895	-59.694225	0.001004	2500.000000
896	-59.575016	0.000815	3100.000000
897	-61.215569	0.000694	3175.000000
898	-60.167763	0.000945	3025.000000
899	-54.439545	0.001566	1725.000000
900	-52.819481	0.001656	875.000000
901	-59.618256	0.001038	1775.000000
902	-61.091061	0.000739	2325.000000
903	-60.319542	0.000806	2025.000000
904	-60.707569	0.000702	1850.000000
905	-63.671791	0.000634	1975.000000
906	-57.430031	0.001017	1725.000000
907	-57.051567	0.001099	1650.000000
908	-61.399601	0.000711	2075.000000
